2.500000000000000000e+02 4.000000000000000000e+02 1.163123999999999967e+02
4.000000000000000000e+02 4.800000000000000000e+02 1.769511000000000251e+02
4.800000000000000000e+02 5.600000000000000000e+02 1.099458000000000055e+02
5.600000000000000000e+02 6.400000000000000000e+02 6.334792000000000201e+01
6.400000000000000000e+02 7.200000000000000000e+02 3.682170000000000698e+01
7.200000000000000000e+02 8.000000000000000000e+02 2.179105999999999810e+01
8.000000000000000000e+02 9.000000000000000000e+02 1.576972000000000129e+01
9.000000000000000000e+02 1.000000000000000000e+03 8.842311999999999728e+00
1.000000000000000000e+03 1.150000000000000000e+03 6.897612000000000521e+00
1.150000000000000000e+03 1.300000000000000000e+03 3.278926400000000019e+00
1.300000000000000000e+03 1.500000000000000000e+03 2.002588699999999999e+00
1.500000000000000000e+03 1.700000000000000000e+03 8.647499499999999895e-01
1.700000000000000000e+03 2.000000000000000000e+03 5.088708899999999646e-01
2.000000000000000000e+03 2.300000000000000000e+03 1.769764279999999912e-01
2.300000000000000000e+03 3.500000000000000000e+03 1.086823499999999831e-01
