2.500000000000000000e+02 4.000000000000000000e+02 2.076999999999999935e-05
4.000000000000000000e+02 4.800000000000000000e+02 2.970400000000000224e-05
4.800000000000000000e+02 5.600000000000000000e+02 1.991400000000000280e-05
5.600000000000000000e+02 6.400000000000000000e+02 1.273599999999999969e-05
6.400000000000000000e+02 7.200000000000000000e+02 8.232299999999999091e-06
7.200000000000000000e+02 8.000000000000000000e+02 5.426899999999999659e-06
8.000000000000000000e+02 9.000000000000000000e+02 4.355100000000000027e-06
9.000000000000000000e+02 1.000000000000000000e+03 2.740499999999999850e-06
1.000000000000000000e+03 1.150000000000000000e+03 2.409199999999999736e-06
1.150000000000000000e+03 1.300000000000000000e+03 1.314800000000000100e-06
1.300000000000000000e+03 1.500000000000000000e+03 9.184899999999999085e-07
1.500000000000000000e+03 1.700000000000000000e+03 4.569199999999999913e-07
1.700000000000000000e+03 2.000000000000000000e+03 3.119400000000000258e-07
2.000000000000000000e+03 2.300000000000000000e+03 1.267999999999999972e-07
2.300000000000000000e+03 3.500000000000000000e+03 9.385799999999999249e-08
