2.500000000000000000e+02 4.000000000000000000e+02 3.911534500000000275e-02
4.000000000000000000e+02 4.800000000000000000e+02 4.641811099999999801e-02
4.800000000000000000e+02 5.600000000000000000e+02 2.488024300000000327e-02
5.600000000000000000e+02 6.400000000000000000e+02 1.307069999999999933e-02
6.400000000000000000e+02 7.200000000000000000e+02 7.099906999999999919e-03
7.200000000000000000e+02 8.000000000000000000e+02 3.998364099999999512e-03
8.000000000000000000e+02 9.000000000000000000e+02 2.756153899999999775e-03
9.000000000000000000e+02 1.000000000000000000e+03 1.481044599999999925e-03
1.000000000000000000e+03 1.150000000000000000e+03 1.104744500000000122e-03
1.150000000000000000e+03 1.300000000000000000e+03 4.991439000000000509e-04
1.300000000000000000e+03 1.500000000000000000e+03 2.904124999999999914e-04
1.500000000000000000e+03 1.700000000000000000e+03 1.197287299999999998e-04
1.700000000000000000e+03 2.000000000000000000e+03 6.729484000000000095e-05
2.000000000000000000e+03 2.300000000000000000e+03 2.208019999999999910e-05
2.300000000000000000e+03 3.500000000000000000e+03 1.256233399999999965e-05
